{
Adelaide: 1.6666666666666667,
Brisbane: 1.1666666666666667,
Melbourne: 1.5,
Sydney: 1.6363636363636365
}
